[gd_scene load_steps=9 format=3 uid="uid://dfkwjipf6ubmj"]

[ext_resource type="PackedScene" uid="uid://belbp4kncmbne" path="res://Major Scenes/home.tscn" id="1_gpjc3"]
[ext_resource type="PackedScene" uid="uid://d30etgdp2rxgl" path="res://Major Scenes/terrain_3d.tscn" id="2_iam6h"]
[ext_resource type="PackedScene" uid="uid://cmlh2uecybfe6" path="res://Objects/Camera and monitors/Monitor1.tscn" id="3_qy2ys"]
[ext_resource type="Shader" uid="uid://db1l7ucexks2q" path="res://Assets/Shaders/CRT.gdshader" id="4_rf8ge"]
[ext_resource type="PackedScene" uid="uid://v80rcwht5qai" path="res://Objects/Nature/tree_1.tscn" id="6_fuc2v"]
[ext_resource type="PackedScene" uid="uid://ot4r6vjy8nk7" path="res://Objects/Nature/tree_2.tscn" id="7_wwrr6"]

[sub_resource type="ViewportTexture" id="ViewportTexture_fuc2v"]
viewport_path = NodePath("Security System/Camera1")

[sub_resource type="ShaderMaterial" id="ShaderMaterial_wwrr6"]
shader = ExtResource("4_rf8ge")
shader_parameter/overlay = false
shader_parameter/scanlines_opacity = 0.4
shader_parameter/scanlines_width = 0.25
shader_parameter/grille_opacity = 0.13
shader_parameter/resolution = Vector2(640, 480)
shader_parameter/pixelate = true
shader_parameter/roll = true
shader_parameter/roll_speed = 5.0
shader_parameter/roll_size = 15.0
shader_parameter/roll_variation = 1.8
shader_parameter/distort_intensity = 0.052
shader_parameter/noise_opacity = 0.305
shader_parameter/noise_speed = 2.0
shader_parameter/static_noise_intensity = 0.04
shader_parameter/aberration = 0.01
shader_parameter/brightness = 1.4
shader_parameter/discolor = true
shader_parameter/warp_amount = 1.0
shader_parameter/clip_warp = false
shader_parameter/vignette_intensity = 0.1
shader_parameter/vignette_opacity = 0.1

[node name="Map" type="Node3D"]

[node name="Home" parent="." instance=ExtResource("1_gpjc3")]
transform = Transform3D(-4.37114e-08, 0, -1, 0, 1, 0, 1, 0, -4.37114e-08, -4.10354, -0.485508, -14.8615)

[node name="Security System" type="Node3D" parent="."]
transform = Transform3D(1, 0, 2.98023e-08, 0, 1, 0, -2.98023e-08, 0, 1, -8.50484, 0.411393, -23.9075)

[node name="Monitor1" parent="Security System" instance=ExtResource("3_qy2ys")]
transform = Transform3D(0.356535, 0, 0.0748482, 0, 0.3645, 0, -0.0757838, 0, 0.352133, 2.02751, 1.26063, 5.96148)

[node name="Sprite3D" type="Sprite3D" parent="Security System/Monitor1"]
transform = Transform3D(0.368504, 0, 0, 0, 0.4, 0, 0, 0, 0.4, 0, 0.0987968, -0.708152)
cast_shadow = 0
flip_h = true
texture = SubResource("ViewportTexture_fuc2v")

[node name="OmniLight3D" type="OmniLight3D" parent="Security System/Monitor1"]
transform = Transform3D(1, 0, 2.17259e-08, 0, 1, 0, -2.17259e-08, 0, 1, 0.0269823, 0, -1.5036)
light_color = Color(0.87133, 1, 0.998357, 1)
light_energy = 0.1
shadow_enabled = true
omni_range = 1.0

[node name="Monitor2" parent="Security System" instance=ExtResource("3_qy2ys")]
transform = Transform3D(0.3645, 0, 0, 0, 0.3645, 0, 0, 0, 0.36, 0.892019, 1.26063, 6.09077)

[node name="Sprite3D" type="Sprite3D" parent="Security System/Monitor2"]
transform = Transform3D(0.368504, 0, 0, 0, 0.4, 0, 0, 0, 0.4, 0, 0.0987968, -0.708152)
cast_shadow = 0
flip_h = true
texture = SubResource("ViewportTexture_fuc2v")

[node name="OmniLight3D" type="OmniLight3D" parent="Security System/Monitor2"]
transform = Transform3D(1, 0, 0, 0, 1, 0, 0, 0, 1, 0, 0, -1.18293)
light_color = Color(0.87133, 1, 0.998357, 1)
light_energy = 0.1
shadow_enabled = true
omni_range = 1.0

[node name="Monitor3" parent="Security System" instance=ExtResource("3_qy2ys")]
transform = Transform3D(0.35038, 0, -0.0992295, 0, 0.3645, 0, 0.10047, 0, 0.346054, -0.254567, 1.26063, 5.92185)

[node name="Sprite3D" type="Sprite3D" parent="Security System/Monitor3"]
transform = Transform3D(0.368504, 0, 0, 0, 0.4, 0, 0, 0, 0.4, 0, 0.0987968, -0.708152)
cast_shadow = 0
flip_h = true
texture = SubResource("ViewportTexture_fuc2v")

[node name="OmniLight3D" type="OmniLight3D" parent="Security System/Monitor3"]
transform = Transform3D(1, 0, 2.17259e-08, 0, 1, 0, -2.17259e-08, 0, 1, 0.00303745, 0, -1.28062)
light_color = Color(0.87133, 1, 0.998357, 1)
light_energy = 0.1
shadow_enabled = true
omni_range = 1.0

[node name="Camera1" type="SubViewport" parent="Security System"]
size = Vector2i(640, 400)

[node name="Camera3D" type="Camera3D" parent="Security System/Camera1" groups=["Cameras"]]
transform = Transform3D(0.859417, 0.0816223, -0.504717, -0.00369218, 0.98814, 0.153514, 0.511261, -0.130069, 0.849526, -3.47917, 2.2275, -14.5659)
fov = 60.0

[node name="Control" type="Control" parent="Security System/Camera1"]
layout_mode = 3
anchors_preset = 0
offset_right = 40.0
offset_bottom = 40.0

[node name="ColorRect" type="ColorRect" parent="Security System/Camera1/Control"]
material = SubResource("ShaderMaterial_wwrr6")
custom_minimum_size = Vector2(640, 400)
layout_mode = 0
offset_right = 40.0
offset_bottom = 40.0

[node name="Terrain3D" parent="." instance=ExtResource("2_iam6h")]

[node name="Trees" type="Node3D" parent="."]

[node name="Tree_type1" type="Node3D" parent="Trees"]

[node name="Tree1" parent="Trees/Tree_type1" instance=ExtResource("6_fuc2v")]
transform = Transform3D(0.987751, 0, 0.156038, 0.0116153, 0.997226, -0.0735274, -0.155605, 0.0744392, 0.985011, -76.0453, 2.10248, -7.1324)

[node name="Tree9" parent="Trees/Tree_type1" instance=ExtResource("6_fuc2v")]
transform = Transform3D(0.987751, 0, 0.156038, 0, 1, 0, -0.156038, 0, 0.987751, -89.256, 0.153458, 12.0047)

[node name="Tree10" parent="Trees/Tree_type1" instance=ExtResource("6_fuc2v")]
transform = Transform3D(0.409971, 0, -0.912099, 0, 1, 0, 0.912099, 0, 0.409971, -70.9463, 1.52588e-05, 9.49003)

[node name="Tree11" parent="Trees/Tree_type1" instance=ExtResource("6_fuc2v")]
transform = Transform3D(0.951471, 0, -0.307739, 0, 1.11409, 0, 0.307739, 0, 0.951471, -80.5348, 1.52588e-05, 13.9867)

[node name="Tree12" parent="Trees/Tree_type1" instance=ExtResource("6_fuc2v")]
transform = Transform3D(0.951471, 0, -0.307739, 0, 1.11409, 0, 0.307739, 0, 0.951471, -100.862, 1.52588e-05, 12.2491)

[node name="Tree13" parent="Trees/Tree_type1" instance=ExtResource("6_fuc2v")]
transform = Transform3D(0.960832, 0, 0.27713, 0, 1.1141, 0, -0.27713, 0, 0.960832, -86.9634, 1.52588e-05, 7.1354)

[node name="Tree8" parent="Trees/Tree_type1" instance=ExtResource("6_fuc2v")]
transform = Transform3D(-0.430669, 0, 0.90251, 0, 0.95271, 0, -0.90251, 0, -0.430669, -69.8923, 1.74796, -10.9185)

[node name="Tree7" parent="Trees/Tree_type1" instance=ExtResource("6_fuc2v")]
transform = Transform3D(0.370277, 0.00185862, 0.92892, 0.0579601, 0.998003, -0.0251003, -0.927111, 0.0631343, 0.36943, -68.7633, 0.410831, -0.492384)

[node name="Tree2" parent="Trees/Tree_type1" instance=ExtResource("6_fuc2v")]
transform = Transform3D(1.00326, 0, -0.108387, 0, 1.07137, 0, 0.105854, 0, 1.02726, -79.7851, 1.52588e-05, 4.96126)

[node name="Tree3" parent="Trees/Tree_type1" instance=ExtResource("6_fuc2v")]
transform = Transform3D(0.913709, 0, 0.40637, 0, 1, 0, -0.40637, 0, 0.913709, -95.2691, 0.150843, 4.98397)

[node name="Tree4" parent="Trees/Tree_type1" instance=ExtResource("6_fuc2v")]
transform = Transform3D(-0.0966181, 0, -0.972926, 0, 0.941987, 0, 0.915724, 0, -0.102654, -98.764, 1.52588e-05, -11.84)

[node name="Tree5" parent="Trees/Tree_type1" instance=ExtResource("6_fuc2v")]
transform = Transform3D(-0.399143, 0, -0.881637, 0, 0.941987, 0, 0.829802, 0, -0.424076, -95.8576, 1.52588e-05, -4.29998)

[node name="Tree6" parent="Trees/Tree_type1" instance=ExtResource("6_fuc2v")]
transform = Transform3D(0.658838, 0, -0.596367, 0, 0.81147, 0, 0.686814, 0, 0.572075, -106.393, 1.52588e-05, 1.30154)

[node name="Tree170" parent="Trees/Tree_type1" instance=ExtResource("6_fuc2v")]
transform = Transform3D(-0.0820777, 0, -0.996626, 0, 1, 0, 0.996626, 0, -0.0820777, -61.5087, 1.04543, -27.2514)

[node name="Tree171" parent="Trees/Tree_type1" instance=ExtResource("6_fuc2v")]
transform = Transform3D(-0.0820777, 0, -0.996626, 0, 1, 0, 0.996626, 0, -0.0820777, -76.9772, 1.37158, -44.6146)

[node name="Tree172" parent="Trees/Tree_type1" instance=ExtResource("6_fuc2v")]
transform = Transform3D(-0.983198, 0, -0.182544, 0.0128417, 0.997522, -0.0691664, 0.182092, -0.0703484, -0.980762, -78.8656, 3.23169, -26.2298)

[node name="Tree173" parent="Trees/Tree_type1" instance=ExtResource("6_fuc2v")]
transform = Transform3D(-0.524105, 0, -0.851653, 0, 1.11409, 0, 0.851653, 0, -0.524105, -80.9661, 1.85197, -36.6099)

[node name="Tree174" parent="Trees/Tree_type1" instance=ExtResource("6_fuc2v")]
transform = Transform3D(-0.524105, 0, -0.851653, 0, 1.11409, 0, 0.851653, 0, -0.524105, -74.4687, 0.61646, -55.9492)

[node name="Tree175" parent="Trees/Tree_type1" instance=ExtResource("6_fuc2v")]
transform = Transform3D(0.0419454, 0, -0.99912, 0, 1.1141, 0, 0.99912, 0, 0.0419454, -72.7884, 0.960274, -41.2351)

[node name="Tree176" parent="Trees/Tree_type1" instance=ExtResource("6_fuc2v")]
transform = Transform3D(0.978778, 0, 0.204923, 0, 0.95271, 0, -0.204923, 0, 0.978778, -59.2858, 0.876724, -20.3774)

[node name="Tree177" parent="Trees/Tree_type1" instance=ExtResource("6_fuc2v")]
transform = Transform3D(0.971171, 0.0766948, -0.225707, -0.0744518, 0.997054, 0.0184463, 0.226457, -0.00111017, 0.97402, -69.5898, 2.53523, -21.7254)

[node name="Tree178" parent="Trees/Tree_type1" instance=ExtResource("6_fuc2v")]
transform = Transform3D(-0.340205, 0, -0.972458, 0, 1.07137, 0, 0.949739, 0, -0.348344, -72.3743, 1.66208, -33.7462)

[node name="Tree179" parent="Trees/Tree_type1" instance=ExtResource("6_fuc2v")]
transform = Transform3D(0.177823, 0.0969402, -0.979276, -0.0173198, 0.99529, 0.0953804, 0.98391, 0, 0.178665, -68.7981, 0.862087, -48.8677)

[node name="Tree180" parent="Trees/Tree_type1" instance=ExtResource("6_fuc2v")]
transform = Transform3D(-0.86687, 0, 0.329918, 0, 0.941987, 0, -0.310521, 0, -0.92102, -51.5599, 7.62939e-06, -48.2114)

[node name="Tree181" parent="Trees/Tree_type1" instance=ExtResource("6_fuc2v")]
transform = Transform3D(-0.711814, 0, 0.620618, 0, 0.941987, 0, -0.584129, 0, -0.756278, -59.5735, 7.62939e-06, -47.1714)

[node name="Tree182" parent="Trees/Tree_type1" instance=ExtResource("6_fuc2v")]
transform = Transform3D(-0.823186, 0, -0.414744, 0, 0.81147, 0, 0.477645, 0, -0.71478, -62.5235, -0.0762262, -58.7329)

[node name="Tree157" parent="Trees/Tree_type1" instance=ExtResource("6_fuc2v")]
transform = Transform3D(-0.0820777, 0, -0.996626, 0, 1, 0, 0.996626, 0, -0.0820777, 11.7726, 7.62939e-06, -88.0164)

[node name="Tree158" parent="Trees/Tree_type1" instance=ExtResource("6_fuc2v")]
transform = Transform3D(-0.0820777, 0, -0.996626, 0, 1, 0, 0.996626, 0, -0.0820777, -3.69583, 0.581224, -105.38)

[node name="Tree159" parent="Trees/Tree_type1" instance=ExtResource("6_fuc2v")]
transform = Transform3D(-0.983198, 0, -0.182544, 0, 1, 0, 0.182544, 0, -0.983198, -5.58429, 7.62939e-06, -86.9948)

[node name="Tree160" parent="Trees/Tree_type1" instance=ExtResource("6_fuc2v")]
transform = Transform3D(-0.524105, 0, -0.851653, 0, 1.11409, 0, 0.851653, 0, -0.524105, -7.68481, 7.62939e-06, -97.3749)

[node name="Tree161" parent="Trees/Tree_type1" instance=ExtResource("6_fuc2v")]
transform = Transform3D(-0.524105, 0, -0.851653, 0, 1.11409, 0, 0.851653, 0, -0.524105, -1.18741, 0.746546, -116.714)

[node name="Tree162" parent="Trees/Tree_type1" instance=ExtResource("6_fuc2v")]
transform = Transform3D(0.0419454, 0, -0.99912, 0, 1.1141, 0, 0.99912, 0, 0.0419454, 0.492882, 0.322193, -102)

[node name="Tree163" parent="Trees/Tree_type1" instance=ExtResource("6_fuc2v")]
transform = Transform3D(0.978778, 0, 0.204923, 0, 0.95271, 0, -0.204923, 0, 0.978778, 13.9956, 7.62939e-06, -81.1424)

[node name="Tree164" parent="Trees/Tree_type1" instance=ExtResource("6_fuc2v")]
transform = Transform3D(0.973929, -0.0134802, -0.226451, 0.0133814, 0.999908, -0.00197147, 0.226457, -0.00111017, 0.97402, 3.59827, 7.62939e-06, -82.5121)

[node name="Tree165" parent="Trees/Tree_type1" instance=ExtResource("6_fuc2v")]
transform = Transform3D(-0.340205, 0, -0.972458, 0, 1.07137, 0, 0.949739, 0, -0.348344, 0.907022, 7.62939e-06, -94.5112)

[node name="Tree166" parent="Trees/Tree_type1" instance=ExtResource("6_fuc2v")]
transform = Transform3D(0.178665, 0, -0.98391, 0, 1, 0, 0.98391, 0, 0.178665, 4.54823, 0.42211, -109.561)

[node name="Tree167" parent="Trees/Tree_type1" instance=ExtResource("6_fuc2v")]
transform = Transform3D(-0.86687, 0, 0.329918, 0, 0.941987, 0, -0.310521, 0, -0.92102, 21.7215, 7.62939e-06, -108.976)

[node name="Tree168" parent="Trees/Tree_type1" instance=ExtResource("6_fuc2v")]
transform = Transform3D(-0.711814, 0, 0.620618, 0, 0.941987, 0, -0.584129, 0, -0.756278, 13.7079, 7.62939e-06, -107.936)

[node name="Tree169" parent="Trees/Tree_type1" instance=ExtResource("6_fuc2v")]
transform = Transform3D(-0.823186, 0, -0.414744, 0, 0.81147, 0, 0.477645, 0, -0.71478, 10.7579, -0.0137626, -119.498)

[node name="Tree144" parent="Trees/Tree_type1" instance=ExtResource("6_fuc2v")]
transform = Transform3D(0.413708, 0, 0.910409, 0.0693229, 0.997097, -0.0315017, -0.907766, 0.0761448, 0.412507, -41.5689, 1.36325, -89.5485)

[node name="Tree145" parent="Trees/Tree_type1" instance=ExtResource("6_fuc2v")]
transform = Transform3D(0.413708, 0, 0.910409, 0, 1, 0, -0.910409, 0, 0.413708, -32.8702, 7.62939e-06, -67.9827)

[node name="Tree146" parent="Trees/Tree_type1" instance=ExtResource("6_fuc2v")]
transform = Transform3D(0.987103, 0, -0.160088, 0, 1, 0, 0.160088, 0, 0.987103, -24.8861, 7.62939e-06, -84.6507)

[node name="Tree147" parent="Trees/Tree_type1" instance=ExtResource("6_fuc2v")]
transform = Transform3D(0.780845, 0, 0.624725, 0, 1.11409, 0, -0.624725, 0, 0.780845, -26.4131, 7.62939e-06, -74.1709)

[node name="Tree148" parent="Trees/Tree_type1" instance=ExtResource("6_fuc2v")]
transform = Transform3D(0.780845, 0, 0.624725, 0, 1.11409, 0, -0.624725, 0, 0.780845, -39.0578, 7.62939e-06, -58.1603)

[node name="Tree149" parent="Trees/Tree_type1" instance=ExtResource("6_fuc2v")]
transform = Transform3D(0.297808, 0, 0.954626, 0, 1.1141, 0, -0.954626, 0, 0.297808, -35.6721, 7.62939e-06, -72.5779)

[node name="Tree150" parent="Trees/Tree_type1" instance=ExtResource("6_fuc2v")]
transform = Transform3D(-0.990497, 0, 0.137531, 0, 0.95271, 0, -0.137531, 0, -0.990497, -41.3408, 2.46973, -96.7695)

[node name="Tree151" parent="Trees/Tree_type1" instance=ExtResource("6_fuc2v")]
transform = Transform3D(-0.840304, 0.0123141, 0.541975, 0.0495801, 0.997297, 0.054212, -0.539843, 0.0724257, -0.838644, -32.0163, 2.31822, -91.9702)

[node name="Tree152" parent="Trees/Tree_type1" instance=ExtResource("6_fuc2v")]
transform = Transform3D(0.640854, 0, 0.797772, 0, 1.07137, 0, -0.779134, 0, 0.656184, -33.5338, 7.62939e-06, -79.767)

[node name="Tree153" parent="Trees/Tree_type1" instance=ExtResource("6_fuc2v")]
transform = Transform3D(0.16398, 0, 0.986464, 0, 1, 0, -0.986464, 0, 0.16398, -42.0419, 7.62939e-06, -66.8299)

[node name="Tree154" parent="Trees/Tree_type1" instance=ExtResource("6_fuc2v")]
transform = Transform3D(0.711151, 0, -0.621475, 0, 0.941987, 0, 0.584936, 0, 0.755574, -58.0096, 7.62939e-06, -73.1776)

[node name="Tree155" parent="Trees/Tree_type1" instance=ExtResource("6_fuc2v")]
transform = Transform3D(0.472831, 0, -0.839494, 0, 0.941987, 0, 0.790137, 0, 0.502367, -50.1153, 7.62939e-06, -71.4513)

[node name="Tree156" parent="Trees/Tree_type1" instance=ExtResource("6_fuc2v")]
transform = Transform3D(0.936108, 0, 0.149094, 0, 0.81147, 0, -0.171707, 0, 0.812831, -51.2415, 7.62939e-06, -59.5727)

[node name="Tree131" parent="Trees/Tree_type1" instance=ExtResource("6_fuc2v")]
transform = Transform3D(0.413708, 0, 0.910409, 0.0478693, 0.998617, -0.0217528, -0.90915, 0.05258, 0.413136, 76.8356, 0.304698, -9.02896)

[node name="Tree132" parent="Trees/Tree_type1" instance=ExtResource("6_fuc2v")]
transform = Transform3D(0.413708, 0, 0.910409, 0, 1, 0, -0.910409, 0, 0.413708, 85.5343, 0, 12.5369)

[node name="Tree133" parent="Trees/Tree_type1" instance=ExtResource("6_fuc2v")]
transform = Transform3D(0.987103, 0, -0.160088, 0, 1, 0, 0.160088, 0, 0.987103, 93.5184, 0, -4.13111)

[node name="Tree134" parent="Trees/Tree_type1" instance=ExtResource("6_fuc2v")]
transform = Transform3D(0.780845, 0, 0.624725, 0, 1.11409, 0, -0.624725, 0, 0.780845, 91.9914, 0, 6.34873)

[node name="Tree135" parent="Trees/Tree_type1" instance=ExtResource("6_fuc2v")]
transform = Transform3D(0.780219, 0.044594, 0.624224, -0.0119767, 1.11267, -0.0490715, -0.625391, 0.0343257, 0.779702, 79.3467, 0.78623, 22.3593)

[node name="Tree136" parent="Trees/Tree_type1" instance=ExtResource("6_fuc2v")]
transform = Transform3D(0.297808, 0, 0.954626, 0, 1.1141, 0, -0.954626, 0, 0.297808, 82.7324, 0, 7.9417)

[node name="Tree137" parent="Trees/Tree_type1" instance=ExtResource("6_fuc2v")]
transform = Transform3D(-0.656059, 0, 0.754709, 0, 0.95271, 0, -0.754709, 0, -0.656059, 77.0637, 0.921457, -16.2499)

[node name="Tree138" parent="Trees/Tree_type1" instance=ExtResource("6_fuc2v")]
transform = Transform3D(-0.840304, 0.0123141, 0.541975, 0.0133814, 0.999908, -0.00197147, -0.541949, 0.00559577, -0.840392, 86.3882, 0.551408, -11.4506)

[node name="Tree139" parent="Trees/Tree_type1" instance=ExtResource("6_fuc2v")]
transform = Transform3D(0.640854, 0, 0.797772, 0, 1.07137, 0, -0.779134, 0, 0.656184, 84.8707, 0, 0.752621)

[node name="Tree140" parent="Trees/Tree_type1" instance=ExtResource("6_fuc2v")]
transform = Transform3D(0.16398, 0, 0.986464, 0, 1, 0, -0.986464, 0, 0.16398, 76.3626, 0, 13.6897)

[node name="Tree141" parent="Trees/Tree_type1" instance=ExtResource("6_fuc2v")]
transform = Transform3D(0.711151, 0, -0.621475, 0, 0.941987, 0, 0.584936, 0, 0.755574, 60.3949, 0, 7.34196)

[node name="Tree142" parent="Trees/Tree_type1" instance=ExtResource("6_fuc2v")]
transform = Transform3D(0.472831, 0, -0.839494, 0, 0.941987, 0, 0.790137, 0, 0.502367, 68.2891, 0, 9.06829)

[node name="Tree143" parent="Trees/Tree_type1" instance=ExtResource("6_fuc2v")]
transform = Transform3D(0.936108, 0, 0.149094, 0, 0.81147, 0, -0.171707, 0, 0.812831, 67.163, 0, 20.9469)

[node name="Tree118" parent="Trees/Tree_type1" instance=ExtResource("6_fuc2v")]
transform = Transform3D(-0.54616, 0, -0.837681, 0, 1, 0, 0.837681, 0, -0.54616, 66.1385, 0.216415, -18.0324)

[node name="Tree119" parent="Trees/Tree_type1" instance=ExtResource("6_fuc2v")]
transform = Transform3D(-0.54616, 0, -0.837681, 0, 1, 0, 0.837681, 0, -0.54616, 60.7885, 0.28081, -40.6627)

[node name="Tree120" parent="Trees/Tree_type1" instance=ExtResource("6_fuc2v")]
transform = Transform3D(-0.951712, 0, 0.306991, 0, 1, 0, -0.306991, 0, -0.951712, 50.3842, 0, -25.388)

[node name="Tree121" parent="Trees/Tree_type1" instance=ExtResource("6_fuc2v")]
transform = Transform3D(-0.86606, 0, -0.499939, 0, 1.11409, 0, 0.499939, 0, -0.86606, 53.4728, 0, -35.5181)

[node name="Tree122" parent="Trees/Tree_type1" instance=ExtResource("6_fuc2v")]
transform = Transform3D(-0.86606, 0, -0.499939, 0, 1.11409, 0, 0.499939, 0, -0.86606, 68.3855, 0.602715, -49.4406)

[node name="Tree123" parent="Trees/Tree_type1" instance=ExtResource("6_fuc2v")]
transform = Transform3D(-0.438246, 0, -0.898855, 0, 1.1141, 0, 0.898855, 0, -0.438246, 62.8661, 0.454122, -35.6978)

[node name="Tree124" parent="Trees/Tree_type1" instance=ExtResource("6_fuc2v")]
transform = Transform3D(0.958467, 0, -0.285203, 0, 0.95271, 0, 0.285203, 0, 0.958467, 64.825, 0, -10.9283)

[node name="Tree125" parent="Trees/Tree_type1" instance=ExtResource("6_fuc2v")]
transform = Transform3D(0.749053, -0.0113304, -0.662413, 0.0133814, 0.999908, -0.00197147, 0.662374, -0.0073873, 0.749136, 56.3301, 0, -17.0777)

[node name="Tree126" parent="Trees/Tree_type1" instance=ExtResource("6_fuc2v")]
transform = Transform3D(-0.750933, 0, -0.689794, 0, 1.07137, 0, 0.673679, 0, -0.768896, 59.669, 0, -28.913)

[node name="Tree127" parent="Trees/Tree_type1" instance=ExtResource("6_fuc2v")]
transform = Transform3D(-0.310743, 0, -0.950494, 0, 1, 0, 0.950494, 0, -0.310743, 70.0292, 0.461364, -40.4204)

[node name="Tree128" parent="Trees/Tree_type1" instance=ExtResource("6_fuc2v")]
transform = Transform3D(-0.613348, -0.0307588, 0.728999, -0.0574052, 0.940087, -0.011736, -0.684394, -0.0512863, -0.652339, 84.8582, 1.22653, -31.7392)

[node name="Tree129" parent="Trees/Tree_type1" instance=ExtResource("6_fuc2v")]
transform = Transform3D(-0.34838, 0, 0.905604, 0, 0.941987, 0, -0.85236, 0, -0.370142, 77.3142, 0.519923, -34.6353)

[node name="Tree130" parent="Trees/Tree_type1" instance=ExtResource("6_fuc2v")]
transform = Transform3D(-0.951292, 0, -0.0249195, -0.000509379, 0.811342, 0.014661, 0.0286944, 0.0144028, -0.825886, 80.2173, 0.812612, -46.2086)

[node name="Tree105" parent="Trees/Tree_type1" instance=ExtResource("6_fuc2v")]
transform = Transform3D(0.567485, 0, -0.823384, 0, 1, 0, 0.823384, 0, 0.567485, 46.7627, 0, -54.9555)

[node name="Tree106" parent="Trees/Tree_type1" instance=ExtResource("6_fuc2v")]
transform = Transform3D(0.567485, 0, -0.823384, 0, 1, 0, 0.823384, 0, 0.567485, 23.7961, 0, -58.6013)

[node name="Tree107" parent="Trees/Tree_type1" instance=ExtResource("6_fuc2v")]
transform = Transform3D(-0.645444, 0, -0.763807, 0, 1, 0, 0.763807, 0, -0.645444, 33.9748, 0, -43.1752)

[node name="Tree108" parent="Trees/Tree_type1" instance=ExtResource("6_fuc2v")]
transform = Transform3D(0.133554, 0, -0.991041, 0, 1.11409, 0, 0.991041, 0, 0.133554, 25.7768, 0, -49.8798)

[node name="Tree109" parent="Trees/Tree_type1" instance=ExtResource("6_fuc2v")]
transform = Transform3D(0.133554, 0, -0.991041, 0, 1.11409, 0, 0.991041, 0, 0.133554, 18.5612, 0, -68.9628)

[node name="Tree110" parent="Trees/Tree_type1" instance=ExtResource("6_fuc2v")]
transform = Transform3D(0.665061, 0, -0.746789, 0, 1.1141, 0, 0.746789, 0, 0.665061, 29.1781, 0, -58.6375)

[node name="Tree111" parent="Trees/Tree_type1" instance=ExtResource("6_fuc2v")]
transform = Transform3D(0.627854, 0, 0.778331, 0, 0.95271, 0, -0.778331, 0, 0.627854, 52.8356, 0, -51.0423)

[node name="Tree112" parent="Trees/Tree_type1" instance=ExtResource("6_fuc2v")]
transform = Transform3D(0.89723, -0.011137, 0.441423, 0.0133814, 0.999908, -0.00197147, -0.44136, 0.00767573, 0.897297, 43.9206, 0, -45.5194)

[node name="Tree113" parent="Trees/Tree_type1" instance=ExtResource("6_fuc2v")]
transform = Transform3D(0.338, 0, -0.973264, 0, 1.07137, 0, 0.950526, 0, 0.346085, 34.2403, 0, -53.1031)

[node name="Tree114" parent="Trees/Tree_type1" instance=ExtResource("6_fuc2v")]
transform = Transform3D(0.761256, 0, -0.648452, 0, 1, 0, 0.648452, 0, 0.761256, 27.5298, 0, -67.0575)

[node name="Tree115" parent="Trees/Tree_type1" instance=ExtResource("6_fuc2v")]
transform = Transform3D(-0.867588, 0, -0.327779, 0, 0.941987, 0, 0.308508, 0, -0.921783, 41.1925, 0, -77.4783)

[node name="Tree116" parent="Trees/Tree_type1" instance=ExtResource("6_fuc2v")]
transform = Transform3D(-0.920806, 0, 0.00153688, 0, 0.941987, 0, -0.00144643, 0, -0.978326, 35.6483, 0, -71.5994)

[node name="Tree117" parent="Trees/Tree_type1" instance=ExtResource("6_fuc2v")]
transform = Transform3D(-0.334748, 0, -0.773587, 0, 0.81147, 0, 0.890912, 0, -0.290665, 26.0447, 0, -78.6806)

[node name="Tree92" parent="Trees/Tree_type1" instance=ExtResource("6_fuc2v")]
transform = Transform3D(0.567485, 0, -0.823384, 0, 1, 0, 0.823384, 0, 0.567485, -29.1257, 0, 23.4836)

[node name="Tree93" parent="Trees/Tree_type1" instance=ExtResource("6_fuc2v")]
transform = Transform3D(0.567485, 0, -0.823384, 0, 1, 0, 0.823384, 0, 0.567485, -52.0922, 0, 19.8378)

[node name="Tree94" parent="Trees/Tree_type1" instance=ExtResource("6_fuc2v")]
transform = Transform3D(-0.645444, 0, -0.763807, 0, 1, 0, 0.763807, 0, -0.645444, -41.9136, 0, 35.2639)

[node name="Tree95" parent="Trees/Tree_type1" instance=ExtResource("6_fuc2v")]
transform = Transform3D(0.133554, 0, -0.991041, 0, 1.11409, 0, 0.991041, 0, 0.133554, -50.1116, 0, 28.5593)

[node name="Tree96" parent="Trees/Tree_type1" instance=ExtResource("6_fuc2v")]
transform = Transform3D(0.133554, 0, -0.991041, 0, 1.11409, 0, 0.991041, 0, 0.133554, -57.3272, 0, 9.47632)

[node name="Tree97" parent="Trees/Tree_type1" instance=ExtResource("6_fuc2v")]
transform = Transform3D(0.665061, 0, -0.746789, 0, 1.1141, 0, 0.746789, 0, 0.665061, -46.7103, 0, 19.8016)

[node name="Tree98" parent="Trees/Tree_type1" instance=ExtResource("6_fuc2v")]
transform = Transform3D(0.627854, 0, 0.778331, 0, 0.95271, 0, -0.778331, 0, 0.627854, -23.0527, 0, 27.3968)

[node name="Tree99" parent="Trees/Tree_type1" instance=ExtResource("6_fuc2v")]
transform = Transform3D(0.89723, -0.011137, 0.441423, 0.0133814, 0.999908, -0.00197147, -0.44136, 0.00767573, 0.897297, -31.9678, 0, 32.9197)

[node name="Tree100" parent="Trees/Tree_type1" instance=ExtResource("6_fuc2v")]
transform = Transform3D(0.338, 0, -0.973264, 0, 1.07137, 0, 0.950526, 0, 0.346085, -41.6481, 0, 25.336)

[node name="Tree101" parent="Trees/Tree_type1" instance=ExtResource("6_fuc2v")]
transform = Transform3D(0.761256, 0, -0.648452, 0, 1, 0, 0.648452, 0, 0.761256, -48.3585, 0, 11.3816)

[node name="Tree102" parent="Trees/Tree_type1" instance=ExtResource("6_fuc2v")]
transform = Transform3D(-0.867588, 0, -0.327779, 0, 0.941987, 0, 0.308508, 0, -0.921783, -34.6958, 0, 0.960804)

[node name="Tree103" parent="Trees/Tree_type1" instance=ExtResource("6_fuc2v")]
transform = Transform3D(-0.920806, 0, 0.00153688, 0, 0.941987, 0, -0.00144643, 0, -0.978326, -40.2401, 0, 6.83964)

[node name="Tree104" parent="Trees/Tree_type1" instance=ExtResource("6_fuc2v")]
transform = Transform3D(-0.334748, 0, -0.773587, 0, 0.81147, 0, 0.890912, 0, -0.290665, -49.8437, 0, -0.24147)

[node name="Tree79" parent="Trees/Tree_type1" instance=ExtResource("6_fuc2v")]
transform = Transform3D(-0.77753, 0, 0.628845, 0, 1, 0, -0.628845, 0, -0.77753, -16.538, 0, 40.0172)

[node name="Tree80" parent="Trees/Tree_type1" instance=ExtResource("6_fuc2v")]
transform = Transform3D(-0.77753, 0, 0.628845, 0, 1, 0, -0.628845, 0, -0.77753, 6.52034, 0.755457, 37.0061)

[node name="Tree81" parent="Trees/Tree_type1" instance=ExtResource("6_fuc2v")]
transform = Transform3D(0.402571, 0, 0.915389, 0, 1, 0, -0.915389, 0, 0.402571, -7.61208, 0, 25.0964)

[node name="Tree82" parent="Trees/Tree_type1" instance=ExtResource("6_fuc2v")]
transform = Transform3D(-0.408888, 0, 0.912584, 0, 1.11409, 0, -0.912584, 0, -0.408888, 2.1497, 0, 29.2032)

[node name="Tree83" parent="Trees/Tree_type1" instance=ExtResource("6_fuc2v")]
transform = Transform3D(-0.408888, 0, 0.912584, 0, 1.11409, 0, -0.912584, 0, -0.408888, 14.4766, 0.816131, 45.4597)

[node name="Tree84" parent="Trees/Tree_type1" instance=ExtResource("6_fuc2v")]
transform = Transform3D(-0.849405, 0, 0.527742, 0, 1.1141, 0, -0.527742, 0, -0.849405, 1.36924, 0.382311, 38.5658)

[node name="Tree85" parent="Trees/Tree_type1" instance=ExtResource("6_fuc2v")]
transform = Transform3D(-0.381586, 0, -0.924333, 0, 0.95271, 0, 0.924333, 0, -0.381586, -23.4708, 0, 37.9851)

[node name="Tree86" parent="Trees/Tree_type1" instance=ExtResource("6_fuc2v")]
transform = Transform3D(-0.735402, 0.00850569, -0.677578, 0.0133814, 0.999908, -0.00197147, 0.677499, -0.0105168, -0.735448, -16.4861, 0, 30.1626)

[node name="Tree87" parent="Trees/Tree_type1" instance=ExtResource("6_fuc2v")]
transform = Transform3D(-0.593476, 0, 0.835316, 0, 1.07137, 0, -0.815801, 0, -0.607672, -5.05363, 0, 34.6926)

[node name="Tree88" parent="Trees/Tree_type1" instance=ExtResource("6_fuc2v")]
transform = Transform3D(-0.913794, 0, 0.406179, 0, 1, 0, -0.406179, 0, -0.913794, 5.3357, 0.582577, 46.1737)

[node name="Tree89" parent="Trees/Tree_type1" instance=ExtResource("6_fuc2v")]
transform = Transform3D(0.744618, 0, 0.575529, 0, 0.941987, 0, -0.541692, 0, 0.791132, -4.81437, 0.322432, 60.0387)

[node name="Tree90" parent="Trees/Tree_type1" instance=ExtResource("6_fuc2v")]
transform = Transform3D(0.883479, 0, 0.275731, 0, 0.941987, 0, -0.259519, 0, 0.938667, -1.16307, 0.373679, 52.8299)

[node name="Tree91" parent="Trees/Tree_type1" instance=ExtResource("6_fuc2v")]
transform = Transform3D(0.0684869, -0.0450571, 0.822971, 0.00380863, 0.810218, 0.0457663, -0.94925, 0, 0.0595598, 10.0533, 0.360884, 56.8996)

[node name="Tree66" parent="Trees/Tree_type1" instance=ExtResource("6_fuc2v")]
transform = Transform3D(-0.832399, 0, -0.554176, 0, 1, 0, 0.554176, 0, -0.832399, 31.3889, 1.86736, 33.3524)

[node name="Tree67" parent="Trees/Tree_type1" instance=ExtResource("6_fuc2v")]
transform = Transform3D(-0.832399, 0, -0.554176, 0, 1, 0, 0.554176, 0, -0.832399, 35.4034, 0.684809, 10.4474)

[node name="Tree68" parent="Trees/Tree_type1" instance=ExtResource("6_fuc2v")]
transform = Transform3D(-0.753334, 0, 0.657638, 0, 1, 0, -0.657638, 0, -0.753334, 19.8157, 0.823954, 20.3768)

[node name="Tree69" parent="Trees/Tree_type1" instance=ExtResource("6_fuc2v")]
transform = Transform3D(-0.99306, 0, -0.117607, 0, 1.11409, 0, 0.117607, 0, -0.99306, 26.6512, 0.717249, 12.2876)

[node name="Tree70" parent="Trees/Tree_type1" instance=ExtResource("6_fuc2v")]
transform = Transform3D(-0.99306, 0, -0.117607, 0, 1.11409, 0, 0.117607, 0, -0.99306, 45.8477, 0, 5.37973)

[node name="Tree71" parent="Trees/Tree_type1" instance=ExtResource("6_fuc2v")]
transform = Transform3D(-0.757383, 0, -0.652971, 0, 1.11409, 0, 0.652971, 0, -0.757383, 35.3531, 0.764977, 15.8293)

[node name="Tree72" parent="Trees/Tree_type1" instance=ExtResource("6_fuc2v")]
transform = Transform3D(0.768138, 3.53285e-09, -0.640284, -0.0872508, 0.943823, -0.104673, 0.634311, 0.129825, 0.760973, 27.3786, 1.60792, 39.3617)

[node name="Tree73" parent="Trees/Tree_type1" instance=ExtResource("6_fuc2v")]
transform = Transform3D(0.412994, -0.111927, -0.90383, 0.153787, 0.986739, -0.051923, 0.897655, -0.117554, 0.42473, 21.9997, 1.7274, 30.359)

[node name="Tree74" parent="Trees/Tree_type1" instance=ExtResource("6_fuc2v")]
transform = Transform3D(-0.955836, 0, -0.330397, 0, 1.07137, 0, 0.322678, 0, -0.978701, 29.738, 0.983336, 20.8018)

[node name="Tree75" parent="Trees/Tree_type1" instance=ExtResource("6_fuc2v")]
transform = Transform3D(-0.660605, 0, -0.750734, 0, 1, 0, 0.750734, 0, -0.660605, 43.7985, 0.515967, 14.3166)

[node name="Tree76" parent="Trees/Tree_type1" instance=ExtResource("6_fuc2v")]
transform = Transform3D(-0.294522, 0, 0.926933, 0, 0.941987, 0, -0.872435, 0, -0.31292, 53.9983, 0.545732, 28.145)

[node name="Tree77" parent="Trees/Tree_type1" instance=ExtResource("6_fuc2v")]
transform = Transform3D(0.0162471, 0, 0.978174, 0, 0.941987, 0, -0.920664, 0, 0.0172621, 48.2094, 0.491805, 22.507)

[node name="Tree78" parent="Trees/Tree_type1" instance=ExtResource("6_fuc2v")]
transform = Transform3D(-0.885417, 0, 0.303061, 0, 0.81147, 0, -0.349025, 0, -0.768815, 55.4439, 0.0112236, 13.0185)

[node name="Tree53" parent="Trees/Tree_type1" instance=ExtResource("6_fuc2v")]
transform = Transform3D(-0.677197, 0, 0.735802, 0, 1, 0, -0.735802, 0, -0.677197, 18.3053, 0, -20.9727)

[node name="Tree54" parent="Trees/Tree_type1" instance=ExtResource("6_fuc2v")]
transform = Transform3D(-0.677197, 0, 0.735802, 0, 1, 0, -0.735802, 0, -0.677197, 41.5561, 0, -20.579)

[node name="Tree55" parent="Trees/Tree_type1" instance=ExtResource("6_fuc2v")]
transform = Transform3D(0.532123, 0, 0.846667, 0, 1, 0, -0.846667, 0, 0.532123, 29.3175, 0, -34.4277)

[node name="Tree56" parent="Trees/Tree_type1" instance=ExtResource("6_fuc2v")]
transform = Transform3D(-0.27102, 0, 0.962574, 0, 1.11409, 0, -0.962574, 0, -0.27102, 38.3737, 0, -28.9372)

[node name="Tree57" parent="Trees/Tree_type1" instance=ExtResource("6_fuc2v")]
transform = Transform3D(-0.27102, 0, 0.962574, 0, 1.11409, 0, -0.962574, 0, -0.27102, 48.1905, 0, -11.0527)

[node name="Tree58" parent="Trees/Tree_type1" instance=ExtResource("6_fuc2v")]
transform = Transform3D(-0.763086, 0, 0.646297, 0, 1.11409, 0, -0.646297, 0, -0.763086, 36.2323, 0, -19.7895)

[node name="Tree59" parent="Trees/Tree_type1" instance=ExtResource("6_fuc2v")]
transform = Transform3D(-0.512672, 0, -0.858584, 0, 0.95271, 0, 0.858584, 0, -0.512672, 11.7442, 0, -23.9969)

[node name="Tree60" parent="Trees/Tree_type1" instance=ExtResource("6_fuc2v")]
transform = Transform3D(-0.826582, 0.00995237, -0.562728, 0.0133814, 0.999908, -0.00197147, 0.562657, -0.00915969, -0.82664, 19.798, 0, -30.7138)

[node name="Tree61" parent="Trees/Tree_type1" instance=ExtResource("6_fuc2v")]
transform = Transform3D(-0.467778, 0, 0.915209, 0, 1.07137, 0, -0.893827, 0, -0.478968, 30.445, 0, -24.5605)

[node name="Tree62" parent="Trees/Tree_type1" instance=ExtResource("6_fuc2v")]
transform = Transform3D(-0.844562, 0, 0.535458, 0, 1, 0, -0.535458, 0, -0.844562, 39.0434, 0, -11.6833)

[node name="Tree63" parent="Trees/Tree_type1" instance=ExtResource("6_fuc2v")]
transform = Transform3D(0.815837, 0, 0.453633, 0, 0.941987, 0, -0.426962, 0, 0.866799, 26.9746, 0, 0.548126)

[node name="Tree64" parent="Trees/Tree_type1" instance=ExtResource("6_fuc2v")]
transform = Transform3D(0.911935, 0, 0.13548, 0, 0.941987, 0, -0.127515, 0, 0.968901, 31.641, 0, -6.04918)

[node name="Tree65" parent="Trees/Tree_type1" instance=ExtResource("6_fuc2v")]
transform = Transform3D(0.206688, 0, 0.806668, 0, 0.81147, 0, -0.929011, 0, 0.179469, 42.1416, 0, -0.382706)

[node name="Tree40" parent="Trees/Tree_type1" instance=ExtResource("6_fuc2v")]
transform = Transform3D(-0.677197, 0, 0.735802, 0, 1, 0, -0.735802, 0, -0.677197, -15.6886, 0, -60.0546)

[node name="Tree41" parent="Trees/Tree_type1" instance=ExtResource("6_fuc2v")]
transform = Transform3D(-0.677197, 0, 0.735802, 0, 1, 0, -0.735802, 0, -0.677197, 7.56219, 0, -59.6609)

[node name="Tree42" parent="Trees/Tree_type1" instance=ExtResource("6_fuc2v")]
transform = Transform3D(0.532123, 0, 0.846667, 0, 1, 0, -0.846667, 0, 0.532123, -4.67638, 0, -73.5096)

[node name="Tree43" parent="Trees/Tree_type1" instance=ExtResource("6_fuc2v")]
transform = Transform3D(-0.27102, 0, 0.962574, 0, 1.11409, 0, -0.962574, 0, -0.27102, 4.37977, 0, -68.0191)

[node name="Tree44" parent="Trees/Tree_type1" instance=ExtResource("6_fuc2v")]
transform = Transform3D(-0.27102, 0, 0.962574, 0, 1.11409, 0, -0.962574, 0, -0.27102, 14.1965, 0, -50.1346)

[node name="Tree45" parent="Trees/Tree_type1" instance=ExtResource("6_fuc2v")]
transform = Transform3D(-0.763086, 0, 0.646297, 0, 1.11409, 0, -0.646297, 0, -0.763086, 2.23837, 0, -58.8714)

[node name="Tree46" parent="Trees/Tree_type1" instance=ExtResource("6_fuc2v")]
transform = Transform3D(-0.512672, 0, -0.858584, 0, 0.95271, 0, 0.858584, 0, -0.512672, -22.2497, 0, -63.0788)

[node name="Tree47" parent="Trees/Tree_type1" instance=ExtResource("6_fuc2v")]
transform = Transform3D(-0.826582, 0.00995237, -0.562728, 0.0133814, 0.999908, -0.00197147, 0.562657, -0.00915969, -0.82664, -14.1959, 0, -69.7957)

[node name="Tree48" parent="Trees/Tree_type1" instance=ExtResource("6_fuc2v")]
transform = Transform3D(-0.467778, 0, 0.915209, 0, 1.07137, 0, -0.893827, 0, -0.478968, -3.54895, 0, -63.6423)

[node name="Tree49" parent="Trees/Tree_type1" instance=ExtResource("6_fuc2v")]
transform = Transform3D(-0.844562, 0, 0.535458, 0, 1, 0, -0.535458, 0, -0.844562, 5.04948, 0, -50.7651)

[node name="Tree50" parent="Trees/Tree_type1" instance=ExtResource("6_fuc2v")]
transform = Transform3D(0.815837, 0, 0.453633, 0, 0.941987, 0, -0.426962, 0, 0.866799, -7.01929, 0, -38.5338)

[node name="Tree51" parent="Trees/Tree_type1" instance=ExtResource("6_fuc2v")]
transform = Transform3D(0.911935, 0, 0.13548, 0, 0.941987, 0, -0.127515, 0, 0.968901, -2.35291, 0, -45.1311)

[node name="Tree52" parent="Trees/Tree_type1" instance=ExtResource("6_fuc2v")]
transform = Transform3D(0.206688, 0, 0.806668, 0, 0.81147, 0, -0.929011, 0, 0.179469, 8.14765, 0, -39.4646)

[node name="Tree27" parent="Trees/Tree_type1" instance=ExtResource("6_fuc2v")]
transform = Transform3D(-0.179266, 0, -0.983801, 0, 1, 0, 0.983801, 0, -0.179266, -28.7956, 0, -14.5254)

[node name="Tree28" parent="Trees/Tree_type1" instance=ExtResource("6_fuc2v")]
transform = Transform3D(-0.179266, 0, -0.983801, 0, 1, 0, 0.983801, 0, -0.179266, -42.4896, 0, -33.3197)

[node name="Tree29" parent="Trees/Tree_type1" instance=ExtResource("6_fuc2v")]
transform = Transform3D(-0.996347, 0, -0.0853995, 0, 1, 0, 0.0853995, 0, -0.996347, -46.1691, 0, -15.2081)

[node name="Tree30" parent="Trees/Tree_type1" instance=ExtResource("6_fuc2v")]
transform = Transform3D(-0.604974, 0, -0.796245, 0, 1.11409, 0, 0.796245, 0, -0.604974, -47.2432, 0, -25.744)

[node name="Tree31" parent="Trees/Tree_type1" instance=ExtResource("6_fuc2v")]
transform = Transform3D(-0.604974, 0, -0.796245, 0, 1.11409, 0, 0.796245, 0, -0.604974, -38.8835, 0, -44.3542)

[node name="Tree32" parent="Trees/Tree_type1" instance=ExtResource("6_fuc2v")]
transform = Transform3D(-0.0560829, 0, -0.998426, 0, 1.11409, 0, 0.998426, 0, -0.0560829, -38.6519, 0, -29.5463)

[node name="Tree33" parent="Trees/Tree_type1" instance=ExtResource("6_fuc2v")]
transform = Transform3D(0.99414, 0, 0.108103, 0, 0.95271, 0, -0.108103, 0, 0.99414, -27.2564, 0, -7.4667)

[node name="Tree34" parent="Trees/Tree_type1" instance=ExtResource("6_fuc2v")]
transform = Transform3D(0.947076, -0.0133068, -0.320732, 0.0133814, 0.999909, -0.00197147, 0.320729, -0.00242473, 0.947168, -37.4696, 0, -9.84785)

[node name="Tree35" parent="Trees/Tree_type1" instance=ExtResource("6_fuc2v")]
transform = Transform3D(-0.431563, 0, -0.933678, 0, 1.07137, 0, 0.911865, 0, -0.441886, -38.9731, 0, -22.0528)

[node name="Tree36" parent="Trees/Tree_type1" instance=ExtResource("6_fuc2v")]
transform = Transform3D(0.0814688, 0, -0.996676, 0, 1, 0, 0.996676, 0, 0.0814688, -33.8758, 0, -36.6738)

[node name="Tree37" parent="Trees/Tree_type1" instance=ExtResource("6_fuc2v")]
transform = Transform3D(-0.8323, 0, 0.418512, 0, 0.941987, 0, -0.393907, 0, -0.884291, -16.8423, 0, -34.4105)

[node name="Tree38" parent="Trees/Tree_type1" instance=ExtResource("6_fuc2v")]
transform = Transform3D(-0.6512, 0, 0.691685, 0, 0.941987, 0, -0.651018, 0, -0.691878, -24.9192, 0, -34.1601)

[node name="Tree39" parent="Trees/Tree_type1" instance=ExtResource("6_fuc2v")]
transform = Transform3D(-0.865999, 0, -0.342764, 0, 0.81147, 0, 0.394749, 0, -0.751954, -26.723, 0, -45.9549)

[node name="Tree14" parent="Trees/Tree_type1" instance=ExtResource("6_fuc2v")]
transform = Transform3D(1, 0, 0, 0, 1, 0, 0, 0, 1, 4.44715, 0, -3.93671)

[node name="Tree15" parent="Trees/Tree_type1" instance=ExtResource("6_fuc2v")]
transform = Transform3D(1, 0, 0, 0, 1, 0, 0, 0, 1, -11.5879, 0, 12.9046)

[node name="Tree16" parent="Trees/Tree_type1" instance=ExtResource("6_fuc2v")]
transform = Transform3D(0.262627, 0, -0.964897, 0, 1, 0, 0.964897, 0, 0.262627, 6.88992, 0, 13.2777)

[node name="Tree17" parent="Trees/Tree_type1" instance=ExtResource("6_fuc2v")]
transform = Transform3D(0.891798, 0, -0.452435, 0, 1.11409, 0, 0.452435, 0, 0.891798, -3.28276, 0, 16.2232)

[node name="Tree18" parent="Trees/Tree_type1" instance=ExtResource("6_fuc2v")]
transform = Transform3D(0.891798, 0, -0.452435, 0, 1.11409, 0, 0.452435, 0, 0.891798, -23.0901, 0, 11.335)

[node name="Tree19" parent="Trees/Tree_type1" instance=ExtResource("6_fuc2v")]
transform = Transform3D(0.992306, 0, 0.123809, 0, 1.11409, 0, -0.123809, 0, 0.992306, -8.56355, 0, 8.45269)

[node name="Tree20" parent="Trees/Tree_type1" instance=ExtResource("6_fuc2v")]
transform = Transform3D(-0.284568, 0, 0.958656, 0, 0.95271, 0, -0.958656, 0, -0.284568, 11.1155, 0, -6.71639)

[node name="Tree21" parent="Trees/Tree_type1" instance=ExtResource("6_fuc2v")]
transform = Transform3D(0.145755, 0, 0.989321, 0.0133814, 0.999909, -0.00197147, -0.98923, 0.0135259, 0.145742, 10.6038, 0, 3.75825)

[node name="Tree22" parent="Trees/Tree_type1" instance=ExtResource("6_fuc2v")]
transform = Transform3D(0.974458, 0, -0.267351, 0, 1.07137, 0, 0.261105, 0, 0.997768, -1.13388, 0, 7.42527)

[node name="Tree23" parent="Trees/Tree_type1" instance=ExtResource("6_fuc2v")]
